(-14.358250245039688,
 0.9656230041759344,
 [0.9910000579465823,
  0.982000236869433,
  0.9730007956469143,
  0.9640025679987472,
  0.9550083131145335,
  0.9460275307854424,
  0.9370949235675973,
  0.9283490458839057,
  0.920404634486522,
  0.9156129695745823,
  0.9135650054997444,
  0.909624352295339,
  0.9071181334440764,
  0.9035475600372335,
  0.9007925479339309,
  0.8974235467238248,
  0.8945265726859003,
  0.8912733159314133,
  0.8882946821738411,
  0.8851093497842245,
  0.8820840894765657,
  0.8789392484371595,
  0.8758878536563917,
  0.8727676089599282,
  0.8697020675571345,
  0.8665971809742307,
  0.8635244936701344,
  0.8604295935441348,
  0.8573538400430523,
  0.8542658050084491,
  0.8511893578116236,
  0.8481063761484461,
  0.8450306121723616,
  0.8419516337111816,
  0.8388773504853638,
  0.8358017673358743,
  0.8327294258681482,
  0.8296568866214528,
  0.8265867528216735,
  0.8235170545688901,
  0.8204492814412292,
  0.8173823071109588,
  0.814316982433381,
  0.8112526644860507,
  0.8081898384191197,
  0.8051281378467942,
  0.8020678388922181,
  0.79900873309198,
  0.7959509773008374,
  0.7928944530841849,
  0.7898392493608748,
  0.786785298930802,
  0.7837326520827985,
  0.7806812707227125,
  0.7776311832111115,
  0.7745823679594761,
  0.7715348409020489,
  0.7684885897936504,
  0.7654436235385902,
  0.7623999351709456,
  0.7593575296244777,
  0.7563164029104906,
  0.7532765577236158,
  0.7502379917507314,
  0.7472007064254909,
  0.7441647003756409,
  0.7411299743254834,
  0.7380965274296696,
  0.7350643600136898,
  0.7320334715262689,
  0.7290038620685968,
  0.7259755312527523,
  0.7229484790535203,
  0.719922705173074,
  0.7168982095146135,
  0.7138749918294239,
  0.710853051979766,
  0.7078323897431538,
  0.7048130049580096,
  0.701794897415323,
  0.6987780669392065,
  0.6957625133270315,
  0.6927482363939013,
  0.6897352359396319,
  0.686723511773262,
  0.6837130636948732,
  0.6807038915090736,
  0.6776959950150077,
  0.67468937401376,
  0.6716840283028761,
  0.6686799576804214,
  0.6656771619419815,
  0.6626756408828831,
  0.659675394296556,
  0.6566764219757466,
  0.6536787237116247,
  0.6506822992944463,
  0.6476871485130676,
  0.6446932711553068,
  0.6417006670076807,
  0.6387093358556016,
  0.6357192774832361,
  0.6327304916736121,
  0.6297429782085432,
  0.6267567368686877,
  0.6237717674335087,
  0.6207880696813064,
  0.6178056433891977,
  0.6148244883331347,
  0.6118446042878943,
  0.6088659910270892,
  0.6058886483231629,
  0.6029125759473971,
  0.5999377736699094,
  0.5969642412596582,
  0.5939919784844425,
  0.5910209851109057,
  0.588051260904536,
  0.5850828056296691,
  0.5821156190494902,
  0.5791497009260355,
  0.5761850510201945,
  0.5732216690917119,
  0.5702595548991896,
  0.5672987082000884,
  0.5643391287507303,
  0.5613808163063003,
  0.5584237706208484,
  0.5554679914472913,
  0.5525134785374151,
  0.5495602316418765,
  0.5466082505102053,
  0.5436575348908061,
  0.5407080845309605,
  0.5377598991768289,
  0.5348129785734524,
  0.5318673224647555,
  0.5289229305935471,
  0.5259798027015232,
  0.5230379385292687,
  0.5200973378162594,
  0.5171580003008641,
  0.5142199257203465,
  0.5112831138108672,
  0.5083475643074861,
  0.5054132769441637,
  0.5024802514537638,
  0.4995484875680554,
  0.4966179850177144,
  0.493688743532326,
  0.4907607628403865,
  0.4878340426693056,
  0.4849085827454081,
  0.4819843827939364,
  0.4790614425390521,
  0.4761397617038383,
  0.4732193400103017,
  0.4703001771793744,
  0.4673822729309163,
  0.46446562698371685,
  0.46155023905549747,
  0.45863610886291317,
  0.455723236121555,
  0.45281162054595203,
  0.4499012618495733,
  0.44699215974483,
  0.4440843139430775,
  0.44117772415461765,
  0.43827239008870045,
  0.43536831145352656,
  0.43246548795624906,
  0.4295639193029758,
  0.42666360519877145,
  0.4237645453476593,
  0.42086673945262376,
  0.4179701872156123,
  0.41507488833753753,
  0.4121808425182793,
  0.40928804945668684,
  0.4063965088505808,
  0.4035062203967556,
  0.4006171837909812,
  0.3977293987280055,
  0.39484286490155623,
  0.3919575820043433,
  0.3890735497280607,
  0.3861907677633888,
  0.38330923579999643,
  0.38042895352654293,
  0.3775499206306803,
  0.3746721367990555,
  0.37179560171731224,
  0.36892031507009354,
  0.36604627654104355,
  0.3631734858128097,
  0.3603019425670451,
  0.35743164648441045,
  0.3545625972445761,
  0.3516947945262246,
  0.3488282380070523,
  0.345962927363772,
  0.3430988622721148,
  0.3402360424068323,
  0.33737446744169886,
  0.3345141370495136,
  0.3316550509021027,
  0.3287972086703214,
  0.32594061002405644,
  0.32308525463222787,
  0.32023114216279136,
  0.31737827228274046,
  0.31452664465810865,
  0.31167625895397155,
  0.308827114834449,
  0.30597921196270744,
  0.3031325500009618,
  0.30028712861047785,
  0.2974429474515744,
  0.2946000061836253,
  0.2917583044650618,
  0.28891784195337455,
  0.286078618305116,
  0.2832406331759023,
  0.2804038862204158,
  0.2775683770924069,
  0.27473410544469645,
  0.2719010709291778,
  0.2690692731968192,
  0.26623871189766574,
  0.2634093866808416,
  0.26058129719455225,
  0.25775444308608675,
  0.25492882400181976,
  0.25210443958721385,
  0.2492812894868216,
  0.24645937334428789,
  0.24363869080235198,
  0.24081924150284978,
  0.23800102508671606,
  0.2351840411939865,
  0.23236828946380012,
  0.2295537695344012,
  0.22674048104314173,
  0.22392842362648344,
  0.22111759692000005,
  0.21830800055837946,
  0.21549963417542597,
  0.21269249740406249,
  0.20988658987633263,
  0.20708191122340305,
  0.20427846107556555,
  0.20147623906223933,
  0.19867524481197316,
  0.1958754779524476,
  0.19307693811047721,
  0.1902796249120127,
  0.1874835379821432,
  0.1846886769450984,
  0.18189504142425086,
  0.17910263104211804,
  0.17631144542036467,
  0.17352148417980487,
  0.17073274694040436,
  0.1679452333212827,
  0.16515894294071545,
  0.16237387541613646,
  0.15959003036413993,
  0.15680740740048277,
  0.15402600614008669,
  0.15124582619704047,
  0.14846686718460217,
  0.1456891287152013,
  0.142912610400441,
  0.1401373118511004,
  0.1373632326771366,
  0.13459037248768704,
  0.1318187308910717,
  0.12904830749479523,
  0.12627910190554917,
  0.12351111372921421,
  0.12074434257086238,
  0.11797878803475921,
  0.11521444972436602,
  0.11245132724234204,
  0.10968942019054666,
  0.10692872817004163,
  0.10416925078109329,
  0.10141098762317473,
  0.09865393829496802,
  0.09589810239436643,
  0.09314347951847661,
  0.09039006926362081,
  0.08763787122533906,
  0.08488688499839142,
  0.08213711017676016,
  0.07938854635365195,
  0.07664119312150006,
  0.07389505007196662,
  0.07115011679594474,
  0.0684063928835608,
  0.06566387792417658,
  0.0629225715063915,
  0.060182473218044784,
  0.057443582646217725,
  0.054705899377235835,
  0.05196942299667104,
  0.049234153089343924,
  0.04650008923932588,
  0.04376723102994134,
  0.041035578043769956,
  0.03830512986264881,
  0.035575886067674596,
  0.032847846239205836,
  0.03012100995686505,
  0.02739537679954097,
  0.02467094634539073,
  0.02194771817184205,
  0.019225691855595445,
  0.016504866972626403,
  0.013785243098187582,
  0.011066819806810997,
  0.00834959667231022,
  0.005633573267782558,
  0.0029187491656112448,
  0.00020512393746762803,
  -0.002507302845686645,
  -0.005218531613597428,
  -0.007928562796715923,
  -0.010637396826196452,
  -0.013345034133894325,
  -0.016051475152363603,
  -0.018756720314854966,
  -0.021460770055313494,
  -0.024163624808376517,
  -0.02686528500937141,
  -0.02956575109431344,
  -0.032265023499903574,
  -0.034963102663526306,
  -0.037659989023247485,
  -0.04035568301781214,
  -0.0430501850866423,
  -0.04574349566983485,
  -0.048435615208159324,
  -0.05112654414305576,
  -0.053816282916632506,
  -0.0565048319716641,
  -0.05919219175158907,
  -0.06187836270050774,
  -0.06456334526318015,
  -0.06724713988502382,
  -0.06992974701211159,
  -0.07261116709116953,
  -0.07529140056957472,
  -0.07797044789535307,
  -0.08064830951717723,
  -0.08332498588436443,
  -0.08600047744687427,
  -0.08867478465530657,
  -0.09134790796089931,
  -0.09401984781552639,
  -0.09669060467169549,
  -0.09936017898254598,
  -0.10202857120184672,
  -0.10469578178399391,
  -0.107361811184009,
  -0.1100266598575365,
  -0.11269032826084187,
  -0.11535281685080934,
  -0.11801412608493984,
  -0.1206742564213488,
  -0.12333320831876404,
  -0.12599098223652366,
  -0.12864757863457385,
  -0.1313029979734668,
  -0.13395724071435863,
  -0.13661030731900714,
  -0.13926219824976974,
  -0.14191291396960135,
  -0.14456245494205225,
  -0.147210821631266,
  -0.14985801450197725,
  -0.1525040340195097,
  -0.15514888064977392,
  -0.15779255485926524,
  -0.16043505711506173,
  -0.16307638788482196,
  -0.16571654763678295,
  -0.1683555368397581,
  -0.17099335596313503,
  -0.17363000547687346,
  -0.1762654858515032,
  -0.17889979755812194,
  -0.1815329410683932,
  -0.1841649168545443,
  -0.18679572538936412,
  -0.18942536714620112,
  -0.1920538425989612,
  -0.1946811522221056,
  -0.1973072964906489,
  -0.19993227588015683,
  -0.2025560908667442,
  -0.2051787419270729,
  -0.20780022953834967,
  -0.21042055417832425,
  -0.21303971632528704,
  -0.21565771645806717,
  -0.21827455505603044,
  -0.22089023259907722,
  -0.22350474956764035,
  -0.2261181064426831,
  -0.22873030370569708,
  -0.23134134183870025,
  -0.2339512213242348,
  -0.23655994264536506,
  -0.2391675062856755,
  -0.24177391272926868,
  -0.24437916246076313,
  -0.24698325596529136,
  -0.24958619372849777,
  -0.25218797623653666,
  -0.2547886039760701,
  -0.257388077434266,
  -0.2599863970987959,
  -0.2625835634578331,
  -0.2651795770000506,
  -0.267774438214619,
  -0.27036814759120437,
  -0.2729607056199665,
  -0.2755521127915566,
  -0.27814236959711547,
  -0.28073147652827124,
  -0.28331943407713767,
  -0.2859062427363119,
  -0.2884919029988724,
  -0.2910764153583772,
  -0.29365978030886153,
  -0.29624199834483617,
  -0.2988230699612852,
  -0.3014029956536641,
  -0.30398177591789755,
  -0.30655941125037783,
  -0.30913590214796244,
  -0.3117112491079722,
  -0.31428545262818935,
  -0.31685851320685554,
  -0.31943043134266974,
  -0.3220012075347863,
  -0.324570842282813,
  -0.3271393360868091,
  -0.3297066894472832,
  -0.3322729028651914,
  -0.3348379768419353,
  -0.33740191187936,
  -0.3399647084797521,
  -0.3425263671458378,
  -0.3450868883807809,
  -0.3476462726881809,
  -0.3502045205720708,
  -0.35276163253691545,
  -0.3553176090876094,
  -0.35787245072947504,
  -0.3604261579682606,
  -0.36297873131013814,
  -0.36553017126170173,
  -0.36808047832996543,
  -0.37062965302236134,
  -0.37317769584673766,
  -0.3757246073113568,
  -0.3782703879248935,
  -0.38081503819643264,
  -0.3833585586354676,
  -0.3859009497518981,
  -0.3884422120560285,
  -0.39098234605856574,
  -0.3935213522706174,
  -0.39605923120368985,
  -0.3985959833696863,
  -0.4011316092809049,
  -0.40366610945003684,
  -0.40619948439016434,
  -0.408731734614759,
  -0.41126286063767953,
  -0.4137928629731702,
  -0.4163217421358587,
  -0.41884949864075444,
  -0.42137613300324644,
  -0.4239016457391016,
  -0.4264260373644628,
  -0.4289493083958469,
  -0.43147145935014297,
  -0.4339924907446105,
  -0.4365124030968772,
  -0.43903119692493753,
  -0.44154887274715043,
  -0.44406543108223784,
  -0.4465808724492825,
  -0.4490951973677263,
  -0.4516084063573683,
  -0.45412049993836306,
  -0.4566314786312185,
  -0.4591413429567942,
  -0.46165009343629965,
  -0.46415773059129223,
  -0.4666642549436754,
  -0.469169667015697,
  -0.47167396732994715,
  -0.4741771564093567,
  -0.4766792347771952,
  -0.47918020295706915,
  -0.48168006147292014,
  -0.4841788108490231,
  -0.4866764516099843,
  -0.48917298428073974,
  -0.4916684093865532,
  -0.49416272745301454,
  -0.49665593900603766,
  -0.499148044571859,
  -0.5016390446770356,
  -0.504128939848443,
  -0.5066177306132741,
  -0.5091054174990367,
  -0.5115920010335521,
  -0.5140774817449532,
  -0.5165618601616826,
  -0.5190451368124911,
  -0.5215273122264356,
  -0.5240083869328774,
  -0.5264883614614808,
  -0.5289672363422105,
  -0.5314450121053308,
  -0.533921689281403,
  -0.5363972684012843,
  -0.5388717499961255,
  -0.5413451345973697,
  -0.5438174227367499,
  -0.5462886149462882,
  -0.5487587117582932,
  -0.5512277137053584,
  -0.553695621320361,
  -0.5561624351364596,
  -0.5586281556870925,
  -0.5610927835059762,
  -0.5635563191271038,
  -0.5660187630847425,
  -0.5684801159134328,
  -0.5709403781479864,
  -0.5733995503234841,
  -0.5758576329752747,
  -0.578314626638973,
  -0.5807705318504581,
  -0.5832253491458715,
  -0.5856790790616159,
  -0.5881317221343528,
  -0.5905832789010015,
  -0.5930337498987369,
  -0.595483135664988,
  -0.5979314367374362,
  -0.6003786536540137,
  -0.6028247869529014,
  -0.6052698371725279,
  -0.6077138048515671,
  -0.6101566905289372,
  -0.6125984947437982,
  -0.6150392180355514,
  -0.6174788609438364,
  -0.6199174240085304,
  -0.6223549077697462,
  -0.6247913127678305,
  -0.6272266395433623,
  -0.6296608886371512,
  -0.6320940605902359,
  -0.6345261559438823,
  -0.6369571752395821,
  -0.6393871190190509,
  -0.641815987824227,
  -0.6442437821972692,
  -0.6466705026805556,
  -0.6490961498166817,
  -0.651520724148459,
  -0.6539442262189131,
  -0.6563666565712825,
  -0.6587880157490164,
  -0.6612083042957736,
  -0.6636275227554207,
  -0.6660456716720304,
  -0.6684627515898801,
  -0.67087876305345,
  -0.6732937066074216,
  -0.6757075827966765,
  -0.6781203921662944,
  -0.6805321352615513,
  -0.6829428126279186,
  -0.6853524248110607,
  -0.6877609723568343,
  -0.6901684558112859,
  -0.692574875720651,
  -0.6949802326313521,
  -0.6973845270899972,
  -0.6997877596433782,
  -0.7021899308384697,
  -0.7045910412224268,
  -0.7069910913425841,
  -0.7093900817464538,
  -0.7117880129817244,
  -0.7141848855962591,
  -0.716580700138094,
  -0.7189754571554369,
  -0.7213691571966654,
  -0.7237618008103257,
  -0.7261533885451311,
  -0.72854392094996,
  -0.730933398573855,
  -0.7333218219660207,
  -0.7357091916758228,
  -0.7380955082527864,
  -0.740480772246594,
  -0.7428649842070848,
  -0.7452481446842526,
  -0.7476302542282446,
  -0.7500113133893596,
  -0.7523913227180467,
  -0.7547702827649039,
  -0.7571481940806766,
  -0.7595250572162556,
  -0.7619008727226765,
  -0.7642756411511172,
  -0.7666493630528975,
  -0.7690220389794767,
  -0.7713936694824526,
  -0.7737642551135598,
  -0.7761337964246687,
  -0.7785022939677834,
  -0.7808697482950405,
  -0.7832361599587079,
  -0.7856015295111829,
  -0.7879658575049912,
  -0.7903291444927849,
  -0.7926913910273417,
  -0.7950525976615628,
  -0.797412764948472,
  -0.799771893441214,
  -0.8021299836930531,
  -0.8044870362573714,
  -0.8068430516876679,
  -0.8091980305375568,
  -0.811551973360766,
  -0.8139048807111359,
  -0.8162567531426177,
  -0.8186075912092724,
  -0.8209573954652689,
  -0.8233061664648831,
  -0.825653904762496,
  -0.8280006109125928,
  -0.830346285469761,
  -0.8326909289886892,
  -0.8350345420241662,
  -0.8373771251310785,
  -0.8397186788644102,
  -0.8420592037792407,
  -0.8443987004307436,
  -0.8467371693741855,
  -0.8490746111649244,
  -0.8514110263584084,
  -0.8537464155101743,
  -0.8560807791758464,
  -0.8584141179111349,
  -0.8607464322718347,
  -0.863077722813824,
  -0.8654079900930631,
  -0.8677372346655927,
  -0.8700654570875329,
  -0.8723926579150816,
  -0.8747188377045133,
  -0.877043997012178,
  -0.8793681363944992,
  -0.8816912564079734,
  -0.8840133576091681,
  -0.8863344405547209,
  -0.8886545058013378,
  -0.8909735539057922,
  -0.8932915854249238,
  -0.8956086009156365,
  -0.8979246009348979,
  -0.9002395860397374,
  -0.9025535567872454,
  -0.9048665137345715,
  -0.9071784574389239,
  -0.9094893884575673,
  -0.9117993073478221,
  -0.914108214667063,
  -0.9164161109727179,
  -0.9187229968222662,
  -0.9210288727732379,
  -0.923333739383212,
  -0.9256375972098155,
  -0.9279404468107224,
  -0.9302422887436516,
  -0.9325431235663663,
  -0.9348429518366727,
  -0.9371417741124184,
  -0.9394395909514915,
  -0.9417364029118193,
  -0.9440322105513665,
  -0.946327014428135,
  -0.9486208151001619,
  -0.9509136131255183,
  -0.9532054090623081,
  -0.9554962034686673,
  -0.9577859969027619,
  -0.9600747899227875,
  -0.9623625830869675,
  -0.9646493769535521,
  -0.9669351720808171,
  -0.9692199690270626,
  -0.971503768350612,
  -0.9737865706098104,
  -0.9760683763630238,
  -0.9783491861686376,
  -0.9806290005850559,
  -0.9829078201706993,
  -0.985185645484005,
  -0.9874624770834245,
  -0.9897383155274231,
  -0.9920131613744785,
  -0.9942870151830795,
  -0.9965598775117249,
  -0.9988317489189226,
  -1.001102629963188,
  -1.0033725212030429,
  -1.0056414231970148,
  -1.0079093365036351,
  -1.0101762616814385,
  -1.0124421992889614,
  -1.0147071498847409,
  -1.0169711140273137,
  -1.019234092275215,
  -1.0214960851869772,
  -1.023757093321129,
  -1.026017117236194,
  -1.0282761574906898,
  -1.0305342146431264,
  -1.032791289252006,
  -1.0350473818758206,
  -1.0373024930730521,
  -1.0395566234021705,
  -1.0418097734216327,
  -1.044061943689882,
  -1.046313134765346,
  -1.0485633472064368,
  -1.050812581571549,
  -1.0530608384190585,
  -1.0553081183073219,
  -1.057554421794675,
  -1.0597997494394324,
  -1.0620441017998854,
  -1.0642874794343014,
  -1.066529882900923,
  -1.0687713127579672,
  -1.0710117695636232,
  -1.0732512538760521,
  -1.075489766253386,
  -1.0777273072537266,
  -1.0799638774351439,
  -1.0821994773556758,
  -1.0844341075733264,
  -1.0866677686460655,
  -1.088900461131827,
  -1.0911321855885079,
  -1.093362942573968,
  -1.0955927326460277,
  -1.0978215563624683,
  -1.1000494142810295,
  -1.1022763069594095,
  -1.1045022349552631,
  -1.1067271988262017,
  -1.1089511991297913,
  -1.111174236423552,
  -1.1133963112649565,
  -1.11561742421143,
  -1.1178375758203483,
  -1.1200567666490369,
  -1.1222749972547703,
  -1.124492268194771,
  -1.1267085800262082,
  -1.128923933306197,
  -1.131138328591797,
  -1.1333517664400123,
  -1.1355642474077894,
  -1.1377757720520167,
  -1.1399863409295237,
  -1.1421959545970795,
  -1.1444046136113921,
  -1.146612318529108,
  -1.1488190699068097,
  -1.1510248683010162,
  -1.1532297142681815,
  -1.1554336083646937,
  -1.1576365511468736,
  -1.1598385431709746,
  -1.1620395849931806,
  -1.1642396771696062,
  -1.166438820256295,
  -1.1686370148092187,
  -1.1708342613842766,
  -1.1730305605372944,
  -1.1752259128240228,
  -1.1774203188001375,
  -1.1796137790212375,
  -1.1818062940428444,
  -1.1839978644204014,
  -1.1861884907092726,
  -1.1883781734647416,
  -1.1905669132420114,
  -1.1927547105962024,
  -1.1949415660823526,
  -1.1971274802554157,
  -1.1993124536702608,
  -1.2014964868816713,
  -1.203679580444344,
  -1.2058617349128882,
  -1.2080429508418244,
  -1.2102232287855845,
  -1.2124025692985096,
  -1.2145809729348502,
  -1.2167584402487643,
  -1.2189349717943172,
  -1.2211105681254804,
  -1.2232852297961307,
  -1.2254589573600498,
  -1.2276317513709223,
  -1.229803612382336,
  -1.23197454094778,
  -1.2341445376206452,
  -1.2363136029542219,
  -1.2384817375016997,
  -1.2406489418161668,
  -1.2428152164506088,
  -1.2449805619579077,
  -1.247144978890842,
  -1.2493084678020843,
  -1.2514710292442017,
  -1.2536326637696547,
  -1.2557933719307959,
  -1.2579531542798694,
  -1.2601120113690105,
  -1.2622699437502438,
  -1.2644269519754834,
  -1.2665830365965312,
  -1.268738198165077,
  -1.2708924372326966,
  -1.2730457543508522,
  -1.2751981500708902,
  -1.2773496249440417,
  -1.279500179521421,
  -1.2816498143540243,
  -1.2837985299927301,
  -1.2859463269882978,
  -1.2880932058913663,
  -1.2902391672524542,
  -1.2923842116219586,
  -1.294528339550154,
  -1.2966715515871916,
  -1.298813848283099,
  -1.3009552301877794,
  -1.3030956978510095,
  -1.3052352518224408,
  -1.307373892651597,
  -1.3095116208878743,
  -1.3116484370805401,
  -1.3137843417787325,
  -1.3159193355314596,
  -1.318053418887598,
  -1.3201865923958933,
  -1.3223188566049582,
  -1.3244502120632722,
  -1.326580659319181,
  -1.3287101989208951,
  -1.3308388314164903,
  -1.3329665573539053,
  -1.3350933772809426,
  -1.337219291745266,
  -1.339344301294402,
  -1.341468406475737,
  -1.3435916078365175,
  -1.3457139059238497,
  -1.347835301284698,
  -1.3499557944658847,
  -1.3520753860140893,
  -1.3541940764758478,
  -1.3563118663975517,
  -1.3584287563254474,
  -1.3605447468056355,
  -1.3626598383840702,
  -1.3647740316065586,
  -1.3668873270187596,
  -1.3689997251661834,
  -1.3711112265941914,
  -1.3732218318479943,
  -1.3753315414726524,
  -1.3774403560130746,
  -1.3795482760140174,
  -1.381655302020085,
  -1.3837614345757274,
  -1.3858666742252408,
  -1.387971021512766,
  -1.3900744769822893,
  -1.3921770411776393,
  -1.3942787146424886,
  -1.396379497920352,
  -1.3984793915545861,
  -1.400578396088388,
  -1.4026765120647955,
  -1.4047737400266862,
  -1.4068700805167766,
  -1.4089655340776217,
  -1.4110601012516137,
  -1.4131537825809826,
  -1.415246578607794,
  -1.4173384898739496,
  -1.4194295169211864,
  -1.4215196602910753,
  -1.4236089205250215,
  -1.425697298164263,
  -1.4277847937498704,
  -1.4298714078227461,
  -1.4319571409236238,
  -1.4340419935930675,
  -1.4361259663714716,
  -1.4382090597990596,
  -1.4402912744158836,
  -1.4423726107618238,
  -1.4444530693765878,
  -1.4465326507997103,
  -1.4486113555705518,
  -1.4506891842282985,
  -1.4527661373119618,
  -1.4548422153603773,
  -1.4569174189122043,
  -1.4589917485059252,
  -1.461065204679845,
  -1.4631377879720904,
  -1.46520949892061,
  -1.4672803380631725,
  -1.4693503059373672,
  -1.4714194030806025,
  -1.473487630030106,
  -1.475554987322924,
  -1.4776214754959196,
  -1.4796870950857741,
  -1.481751846628985,
  -1.4838157306618653,
  -1.4858787477205444,
  -1.487940898340966,
  -1.4900021830588883,
  -1.4920626024098829,
  -1.4941221569293346,
  -1.4961808471524412,
  -1.4982386736142121,
  -1.5002956368494684,
  -1.502351737392842,
  -1.5044069757787746,
  -1.5064613525415187,
  -1.5085148682151353,
  -1.5105675233334943,
  -1.5126193184302736,
  -1.5146702540389587,
  -1.5167203306928423,
  -1.5187695489250232,
  -1.5208179092684067,
  -1.5228654122557028,
  -1.5249120584194271,
  -1.5269578482918988,
  -1.5290027824052415,
  -1.5310468612913815,
  -1.5330900854820482,
  -1.5351324555087733,
  -1.5371739719028898,
  -1.5392146351955323,
  -1.5412544459176354,
  -1.5432934045999345,
  -1.5453315117729642,
  -1.5473687679670582,
  -1.549405173712349,
  -1.551440729538767,
  -1.55347543597604,
  -1.5555092935536934,
  -1.5575423028010482,
  -1.5595744642472225,
  -1.5616057784211292,
  -1.5636362458514765,
  -1.5656658670667671,
  -1.567694642595298,
  -1.5697225729651594,
  -1.5717496587042348,
  -1.5737759003402,
  -1.5758012984005234,
  -1.5778258534124645,
  -1.5798495659030742,
  -1.5818724363991943,
  -1.583894465427456,
  ...],
 [0.892000603007992,
  0.7840024813059554,
  0.6760084165976912,
  0.5680275488901811,
  0.4600910045402967,
  0.35231060917787416,
  0.24512294664205042,
  0.14046758424364197,
  0.048435171652118095,
  0.01499577614557477,
  0.03664938515070043,
  0.020028737798876185,
  0.0322921047473403,
  0.02302993609811673,
  0.03018981386852792,
  0.024927184572237818,
  0.029159437743932114,
  0.02617539417598029,
  0.028704092526164474,
  0.027036921363192627,
  0.028571608814172738,
  0.027668765941853336,
  0.028623865221910186,
  0.028164967988735006,
  0.028782675852967416,
  0.028581465027099986,
  0.029003123807097988,
  0.028951295766641072,
  0.029259233345229008,
  0.029293864966656022,
  0.029535941699273618,
  0.029620521519110724,
  0.029824507996117394,
  0.02993788119106035,
  0.03011986167747035,
  0.030249790415970968,
  0.030419064058739207,
  0.030558480459334167,
  0.030720414142373913,
  0.03086524300066683,
  0.031022928759444075,
  0.031170824353665375,
  0.031326040517250194,
  0.03147565492209353,
  0.03162942248792702,
  0.03177998246159496,
  0.031932886595655206,
  0.0320839493198802,
  0.032236324809908276,
  0.03238763712160756,
  0.03253967516682609,
  0.03269109257225676,
  0.0328429021690386,
  0.03299434233224542,
  0.03314598549875836,
  0.03329740157561718,
  0.03344891352932165,
  0.03360027890609691,
  0.033751679601669075,
  0.033902979175868896,
  0.03405427989126646,
  0.034205505098969066,
  0.03435671218827817,
  0.03450785817311897,
  0.03465897520122144,
  0.034810039205498355,
  0.03496106816015483,
  0.03511204861209213,
  0.03526299059095569,
  0.03541388658781996,
  0.035564742187148085,
  0.03571555320305552,
  0.035866322737251585,
  0.03601704845828681,
  0.036167732083674915,
  0.03631837231501613,
  0.036468970099498836,
  0.03661952471319627,
  0.036770036675386635,
  0.03692050558105244,
  0.037070931712217516,
  0.0372213148406044,
  0.03737165511694839,
  0.03752195241076599,
  0.037672206800293304,
  0.03782241820908127,
  0.03797258667542431,
  0.03812271215269578,
  0.038272794657245715,
  0.038422834158898043,
  0.038572830661989126,
  0.038722784145421685,
  0.03887269460698801,
  0.03902256203061304,
  0.03917238641055214,
  0.03932216773352425,
  0.03947190599189806,
  0.039621601173964766,
  0.03977125327111031,
  0.03992086227252947,
  0.04007042816911982,
  0.04021995095061442,
  0.040369430607692075,
  0.040518867130424976,
  0.04066826050942014,
  0.0408176107349805,
  0.04096691779772102,
  0.04111618168811639,
  0.04126540239683308,
  0.041414579914485425,
  0.04156371423181479,
  0.041712805339557985,
  0.04186185322854375,
  0.042010857889622104,
  0.042159819313715916,
  0.04230873749178329,
  0.042457612414844956,
  0.0426064440739643,
  0.04275523246026187,
  0.04290397756490467,
  0.043052679379114195,
  0.04320133789416032,
  0.04334995310136582,
  0.04349852499210301,
  0.04364705355779625,
  0.04379553878992,
  0.043943980680000196,
  0.044092379219613245,
  0.04424073440038692,
  0.044389046213999306,
  0.04453731465217979,
  0.044685539706708265,
  0.0448337213694157,
  0.044981859632183575,
  0.0451299544869444,
  0.045278005925681195,
  0.045426013940427945,
  0.045573978523269144,
  0.04572189966634008,
  0.04586977736182675,
  0.04601761160196565,
  0.0461654023790441,
  0.046313149685399804,
  0.04646085351342128,
  0.04660851385554741,
  0.04675613070426775,
  0.04690370405212238,
  0.04705123389170172,
  0.047198720215646896,
  0.04734616301664928,
  0.047493562287450816,
  0.04764091802084374,
  0.04778823020967075,
  0.04793549884682488,
  0.048082723925249454,
  0.04822990543793817,
  0.04837704337793501,
  0.048524137738334104,
  0.04867118851227994,
  0.04881819569296718,
  0.04896515927364056,
  0.04911207924759525,
  0.04925895560817616,
  0.04940578834877865,
  0.049552577462847906,
  0.04969932294387936,
  0.04984602478541828,
  0.049992682981060146,
  0.05013929752445007,
  0.050285868409283535,
  0.050432395629305536,
  0.05057887917831121,
  0.0507253190501454,
  0.05087171523870291,
  0.051018067737928115,
  0.05116437654181547,
  0.051310641644408746,
  0.05145686303980188,
  0.05160304072213815,
  0.05174917468561059,
  0.05189526492446188,
  0.052041311432984204,
  0.05218731420551933,
  0.05233327323645856,
  0.05247918852024276,
  0.052625060051362006,
  0.05277088782435605,
  0.05291667183381396,
  0.05306241207437405,
  0.05320810854072408,
  0.053353761227601146,
  0.053499370129791404,
  0.053644935242130494,
  0.05379045655950296,
  0.05393593407684279,
  0.05408136778913286,
  0.054226757691405274,
  0.054372103778741174,
  0.05451740604627058,
  0.05466266448917282,
  0.05480787910267568,
  0.05495304988205641,
  0.0550981768226407,
  0.05524325991980325,
  0.05538829916896765,
  0.05553329456560606,
  0.055678246105239575,
  0.05582315378343781,
  0.05596801759581918,
  0.05611283753805061,
  0.05625761360584764,
  0.0564023457949744,
  0.05654703410124345,
  0.05669167852051592,
  0.05683627904870126,
  0.056980835681757325,
  0.05712534841569051,
  0.05726981724655515,
  0.057414242170454245,
  0.05755862318353879,
  0.05770296028200804,
  0.057847253462109435,
  0.05799150272013847,
  0.05813570805243876,
  0.058279869455401916,
  0.0584239869254676,
  0.05856806045912336,
  0.05871209005290475,
  0.058856075703395,
  0.05900001740722545,
  0.05914391516107493,
  0.05928776896167025,
  0.059431578805785805,
  0.05957534469024366,
  0.05971906661191356,
  0.059862744567712685,
  0.060006378554605916,
  0.06014996856960549,
  0.06029351460977119,
  0.06043701667221011,
  0.0605804747540768,
  0.06072388885257299,
  0.06086725896494783,
  0.06101058508849757,
  0.06115386722056576,
  0.061297105358542894,
  0.06144029949986686,
  0.06158344964202225,
  0.061726555782540965,
  0.061869617919001633,
  0.06201263604902991,
  0.06215561017029826,
  0.06229854028052603,
  0.06244142637747928,
  0.06258426845897082,
  0.06272706652286016,
  0.06286982056705334,
  0.06301253058950321,
  0.06315519658820887,
  0.06329781856121615,
  0.06344039650661712,
  0.06358293042255056,
  0.06372542030720114,
  0.06386786615880034,
  0.06401026797562544,
  0.06415262575600023,
  0.06429493949829451,
  0.06443720920092427,
  0.06457943486235145,
  0.06472161648108417,
  0.06486375405567628,
  0.06500584758472779,
  0.06514789706688434,
  0.0652899025008376,
  0.06543186388532483,
  0.06557378121912905,
  0.06571565450107904,
  0.06585748373004903,
  0.06599926890495895,
  0.06614101002477417,
  0.06628270708850552,
  0.06642436009520927,
  0.066565969043987,
  0.06670753393398572,
  0.0668490547643975,
  0.06699053153445976,
  0.06713196424345506,
  0.067273352890711,
  0.06741469747560026,
  0.06755599799754052,
  0.06769725445599442,
  0.06783846685046943,
  0.06797963518051794,
  0.06812075944573709,
  0.06826183964576872,
  0.06840287578029934,
  0.06854386784906023,
  0.06868481585182708,
  0.06882571978842013,
  0.06896657965870413,
  0.0691073954625883,
  0.06924816720002601,
  0.06938889487101521,
  0.0695295784755978,
  0.06967021801386024,
  0.06981081348593268,
  0.06995136489198978,
  0.07009187223225,
  0.07023233550697582,
  0.07037275471647364,
  0.07051312986109373,
  0.0706534609412302,
  0.0707937479573209,
  0.07093399090984735,
  0.0710741897993347,
  0.07121434462635177,
  0.07135445539151082,
  0.07149452209546768,
  0.07163454473892153,
  0.07177452332261494,
  0.07191445784733369,
  0.07205434831390703,
  0.07219419472320715,
  0.07233399707614958,
  0.07247375537369284,
  0.07261346961683833,
  0.07275313980663083,
  0.07289276594415743,
  0.07303234803054873,
  0.07317188606697748,
  0.07331138005465972,
  0.07345082999485368,
  0.0735902358888607,
  0.07372959773802419,
  0.07386891554373044,
  0.07400818930740798,
  0.07414741903052775,
  0.07428660471460312,
  0.07442574636118962,
  0.07456484397188502,
  0.07470389754832923,
  0.07484290709220424,
  0.07498187260523417,
  0.07512079408918493,
  0.07525967154586453,
  0.07539850497712267,
  0.07553729438485099,
  0.07567603977098275,
  0.07581474113749291,
  0.07595339848639808,
  0.07609201181975642,
  0.07623058113966756,
  0.0763691064482725,
  0.07650758774775375,
  0.07664602504033505,
  0.07678441832828137,
  0.0769227676138989,
  0.07706107289953502,
  0.07719933418757804,
  0.07733755148045743,
  0.07747572478064346,
  0.07761385409064744,
  0.07775193941302132,
  0.07788998075035804,
  0.07802797810529097,
  0.07816593148049442,
  0.07830384087868299,
  0.07844170630261205,
  0.07857952775507716,
  0.07871730523891461,
  0.0788550387570006,
  0.07899272831225204,
  0.07913037390762567,
  0.07926797554611861,
  0.07940553323076802,
  0.07954304696465092,
  0.07968051675088456,
  0.0798179425926258,
  0.07995532449307156,
  0.08009266245545842,
  0.08022995648306264,
  0.08036720657920018,
  0.08050441274722651,
  0.08064157499053677,
  0.08077869331256536,
  0.08091576771678621,
  0.08105279820671246,
  0.08118978478589663,
  0.08132672745793039,
  0.08146362622644447,
  0.08160048109510878,
  0.08173729206763224,
  0.08187405914776262,
  0.08201078233928663,
  0.08214746164602978,
  0.08228409707185635,
  0.08242068862066936,
  0.08255723629641022,
  0.08269374010305924,
  0.08283020004463498,
  0.08296661612519454,
  0.08310298834883324,
  0.08323931671968503,
  0.08337560124192163,
  0.08351184191975337,
  0.08364803875742836,
  0.08378419175923302,
  0.08392030092949151,
  0.08405636627256606,
  0.0841923877928567,
  0.08432836549480123,
  0.08446429938287514,
  0.08460018946159166,
  0.08473603573550158,
  0.0848718382091931,
  0.08500759688729202,
  0.0851433117744615,
  0.08527898287540193,
  0.08541461019485107,
  0.08555019373758384,
  0.08568573350841226,
  0.08582122951218543,
  0.08595668175378951,
  0.08609209023814743,
  0.08622745497021918,
  0.0863627759550014,
  0.0864980531975275,
  0.08663328670286767,
  0.0867684764761285,
  0.08690362252245333,
  0.08703872484702176,
  0.08717378345504993,
  0.0873087983517903,
  0.08744376954253158,
  0.08757869703259863,
  0.08771358082735256,
  0.08784842093219047,
  0.08798321735254545,
  0.08811797009388665,
  0.0882526791617189,
  0.08838734456158306,
  0.08852196629905545,
  0.08865654437974836,
  0.08879107880930946,
  0.08892556959342204,
  0.08906001673780492,
  0.08919442024821218,
  0.08932878013043338,
  0.08946309639029328,
  0.08959736903365179,
  0.08973159806640414,
  0.08986578349448039,
  0.08999992532384576,
  0.09013402356050042,
  0.09026807821047923,
  0.09040208927985209,
  0.09053605677472343,
  0.09066998070123251,
  0.09080386106555302,
  0.09093769787389333,
  0.09107149113249614,
  0.09120524084763879,
  0.09133894702563254,
  0.09147260967282335,
  0.09160622879559108,
  0.09173980440034982,
  0.09187333649354769,
  0.09200682508166688,
  0.09214027017122343,
  0.09227367176876723,
  0.092407029880882,
  0.09254034451418511,
  0.09267361567532775,
  0.09280684337099446,
  0.09294002760790349,
  0.09307316839280648,
  0.0932062657324884,
  0.09333931963376763,
  0.09347233010349568,
  0.09360529714855735,
  0.09373822077587053,
  0.09387110099238606,
  0.09400393780508796,
  0.09413673122099285,
  0.09426948124715054,
  0.09440218789064327,
  0.09453485115858633,
  0.0946674710581273,
  0.09480004759644664,
  0.09493258078075714,
  0.09506507061830394,
  0.09519751711636484,
  0.09532992028224956,
  0.09546228012330045,
  0.0955945966468916,
  0.09572686986042961,
  0.09585909977135279,
  0.0959912863871315,
  0.0961234297152681,
  0.09625552976329661,
  0.0963875865387829,
  0.09651960004932443,
  0.09665157030255055,
  0.09678349730612171,
  0.09691538106773019,
  0.09704722159509963,
  0.09717901889598479,
  0.09731077297817212,
  0.0974424838494788,
  0.0975741515177536,
  0.09770577599087595,
  0.09783735727675663,
  0.09796889538333715,
  0.09810039031858997,
  0.0982318420905183,
  0.0983632507071561,
  0.09849461617656807,
  0.09862593850684935,
  0.0987572177061258,
  0.09888845378255355,
  0.09901964674431926,
  0.09915079659963986,
  0.09928190335676247,
  0.09941296702396459,
  0.09954398760955359,
  0.09967496512186713,
  0.0998058995692726,
  0.09993679096016764,
  0.10006763930297935,
  0.10019844460616494,
  0.10032920687821115,
  0.10045992612763437,
  0.10059060236298069,
  0.10072123559282554,
  0.10085182582577391,
  0.10098237307046017,
  0.10111287733554786,
  0.10124333862972991,
  0.1013737569617283,
  0.10150413234029423,
  0.10163446477420782,
  0.1017647542722782,
  0.10189500084334345,
  0.10202520449627031,
  0.10215536523995457,
  0.1022854830833204,
  0.10241555803532076,
  0.1025455901049372,
  0.10267557930117965,
  0.1028055256330866,
  0.10293542910972471,
  0.10306528974018914,
  0.10319510753360306,
  0.1033248824991179,
  0.10345461464591327,
  0.10358430398319655,
  0.10371395052020337,
  0.1038435542661969,
  0.1039731152304685,
  0.10410263342233693,
  0.10423210885114889,
  0.10436154152627851,
  0.1044909314571276,
  0.10462027865312534,
  0.10474958312372842,
  0.10487884487842075,
  0.10500806392671368,
  0.10513724027814558,
  0.1052663739422821,
  0.10539546492871586,
  0.10552451324706669,
  0.10565351890698098,
  0.10578248191813243,
  0.10591140229022121,
  0.1060402800329744,
  0.1061691151561457,
  0.10629790766951543,
  0.10642665758289042,
  0.10655536490610394,
  0.10668402964901583,
  0.10681265182151195,
  0.1069412314335048,
  0.10706976849493278,
  0.10719826301576063,
  0.10732671500597903,
  0.10745512447560465,
  0.10758349143468028,
  0.1077118158932743,
  0.10784009786148119,
  0.10796833734942086,
  0.10809653436723912,
  0.10822468892510732,
  0.10835280103322234,
  0.10848087070180643,
  0.10860889794110737,
  0.10873688276139828,
  0.10886482517297745,
  0.10899272518616845,
  0.10912058281131995,
  0.10924839805880572,
  0.10937617093902446,
  0.10950390146240001,
  0.10963158963938076,
  0.10975923548044023,
  0.10988683899607646,
  0.11001440019681223,
  0.110141919093195,
  0.11026939569579663,
  0.11039683001521361,
  0.11052422206206675,
  0.11065157184700115,
  0.11077887938068637,
  0.11090614467381603,
  0.11103336773710788,
  0.11116054858130392,
  0.11128768721716996,
  0.11141478365549591,
  0.11154183790709556,
  0.11166884998280636,
  0.11179581989348977,
  0.11192274765003069,
  0.11204963326333783,
  0.11217647674434328,
  0.11230327810400292,
  0.11243003735329565,
  0.11255675450322407,
  0.11268342956481397,
  0.11281006254911427,
  0.11293665346719726,
  0.11306320233015814,
  0.11318970914911523,
  0.11331617393520993,
  0.11344259669960635,
  0.11356897745349152,
  0.11369531620807533,
  0.1138216129745904,
  0.11394786776429174,
  0.11407408058845729,
  0.11420025145838728,
  0.11432638038540449,
  0.11445246738085407,
  0.11457851245610352,
  0.11470451562254258,
  0.11483047689158316,
  0.11495639627465945,
  0.1150822737832275,
  0.11520810942876558,
  0.11533390322277363,
  0.11545965517677384,
  0.1155853653023099,
  0.11571103361094741,
  0.11583666011427364,
  0.11596224482389735,
  0.11608778775144918,
  0.11621328890858093,
  0.1163387483069659,
  0.11646416595829905,
  0.11658954187429624,
  0.11671487606669488,
  0.11684016854725332,
  0.11696541932775127,
  0.1170906284199894,
  0.11721579583578921,
  0.1173409215869934,
  0.11746600568546535,
  0.11759104814308928,
  0.11771604897177025,
  0.11784100818343383,
  0.11796592579002638,
  0.11809080180351464,
  0.11821563623588598,
  0.11834042909914806,
  0.11846518040532909,
  0.11858989016647742,
  0.11871455839466173,
  0.11883918510197078,
  0.11896377030051357,
  0.11908831400241907,
  0.11921281621983625,
  0.11933727696493401,
  0.11946169624990118,
  0.11958607408694634,
  0.11971041048829775,
  0.11983470546620348,
  0.11995895903293109,
  0.12008317120076785,
  0.12020734198202038,
  0.12033147138901482,
  0.12045555943409662,
  0.12057960612963063,
  0.12070361148800088,
  0.12082757552161065,
  0.12095149824288222,
  0.12107537966425708,
  0.12119921979819571,
  0.12132301865717741,
  0.12144677625370047,
  0.1215704926002821,
  0.12169416770945791,
  0.12181780159378276,
  0.1219413942658296,
  0.12206494573819034,
  0.12218845602347522,
  0.12231192513431305,
  0.12243535308335092,
  0.12255873988325439,
  0.12268208554670716,
  0.12280539008641128,
  0.12292865351508686,
  0.12305187584547223,
  0.12317505709032354,
  0.12329819726241519,
  0.12342129637453925,
  0.12354435443950586,
  0.12366737147014273,
  0.12379034747929563,
  0.12391328247982764,
  0.12403617648461969,
  0.12415902950657028,
  0.1242818415585953,
  0.12440461265362812,
  0.12452734280461956,
  0.12465003202453769,
  0.1247726803263678,
  0.12489528772311258,
  0.12501785422779163,
  0.12514037985344179,
  0.1252628646131169,
  0.12538530851988772,
  0.12550771158684199,
  0.1256300738270843,
  0.12575239525373594,
  0.12587467587993506,
  0.1259969157188364,
  0.12611911478361143,
  0.12624127308744798,
  0.12636339064355068,
  0.12648546746514025,
  0.12660750356545414,
  0.12672949895774588,
  0.12685145365528544,
  0.1269733676713589,
  0.12709524101926853,
  0.1272170737123327,
  0.12733886576388584,
  0.12746061718727836,
  0.12758232799587654,
  0.1277039982030626,
  0.12782562782223458,
  0.1279472168668062,
  0.12806876535020698,
  0.12819027328588198,
  0.12831174068729187,
  0.12843316756791293,
  0.12855455394123688,
  0.12867589982077068,
  0.12879720522003696,
  0.1289184701525734,
  0.12903969463193304,
  0.12916087867168413,
  0.12928202228540991,
  0.12940312548670885,
  0.12952418828919435,
  0.12964521070649487,
  0.12976619275225368,
  0.12988713444012892,
  0.1300080357837936,
  0.13012889679693537,
  0.13024971749325667,
  0.13037049788647442,
  0.13049123799032034,
  0.13061193781854044,
  0.13073259738489534,
  0.13085321670316005,
  0.13097379578712387,
  0.13109433465059042,
  0.13121483330737763,
  0.13133529177131753,
  0.13145571005625634,
  0.13157608817605437,
  0.1316964261445859,
  0.13181672397573918,
  0.13193698168341647,
  0.13205719928153384,
  0.13217737678402106,
  0.1322975142048218,
  0.13241761155789336,
  0.13253766885720675,
  0.13265768611674647,
  0.1327776633505106,
  0.13289760057251077,
  0.1330174977967719,
  0.13313735503733246,
  0.13325717230824402,
  0.13337694962357163,
  0.13349668699739345,
  0.13361638444380083,
  0.13373604197689823,
  0.13385565961080306,
  0.13397523735964598,
  0.1340947752375703,
  0.13421427325873247,
  0.13433373143730157,
  0.13445314978745973,
  0.13457252832340152,
  0.13469186705933447,
  0.1348111660094785,
  0.13493042518806633,
  0.1350496446093431,
  0.1351688242875663,
  0.13528796423700618,
  0.13540706447194495,
  0.13552612500667743,
  0.13564514585551068,
  0.13576412703276378,
  0.13588306855276824,
  0.13600197042986745,
  0.13612083267841701,
  0.1362396553127845,
  0.13635843834734934,
  0.13647718179650303,
  0.13659588567464886,
  0.13671454999620183,
  0.13683317477558882,
  0.13695176002724838,
  0.13707030576563065,
  0.13718881200519736,
  0.13730727876042198,
  0.1374257060457892,
  0.13754409387579533,
  0.13766244226494811,
  0.13778075122776645,
  0.13789902077878072,
  0.1380172509325325,
  0.13813544170357445,
  0.13825359310647053,
  0.13837170515579575,
  0.1384897778661361,
  0.13860781125208863,
  0.13872580532826131,
  0.138843760109273,
  0.1389616756097535,
  0.13907955184434315,
  0.13919738882769345,
  0.13931518657446615,
  0.139432945099334,
  0.13955066441698008,
  0.1396683445420983,
  0.1397859854893928,
  0.13990358727357838,
  0.14002114990938008,
  0.1401386734115334,
  0.14025615779478415,
  0.1403736030738883,
  0.1404910092636122,
  0.1406083763787321,
  0.14072570443403465,
  0.14084299344431642,
  0.1409602434243839,
  0.14107745438905384,
  0.1411946263531525,
  0.1413117593315164,
  0.1414288533389917,
  0.1415459083904343,
  0.14166292450070989,
  0.1417799016846939,
  0.1418968399572713,
  0.14201373933333664,
  0.1421305998277941,
  0.14224742145555727,
  0.14236420423154925,
  0.1424809481707025,
  0.14259765328795873,
  0.14271431959826916,
  0.14283094711659416,
  0.14294753585790326,
  0.14306408583717525,
  0.14318059706939795,
  0.14329706956956834,
  0.14341350335269235,
  0.1435298984337849,
  0.14364625482786988,
  0.14376257254998015,
  0.14387885161515707,
  0.14399509203845126,
  0.14411129383492166,
  0.14422745701963624,
  0.14434358160767144,
  0.14445966761411239,
  0.14457571505405276,
  0.1446917239425947,
  0.14480769429484894,
  0.14492362612593446,
  0.1450395194509789,
  0.14515537428511788,
  0.1452711906434957,
  0.14538696854126462,
  0.14550270799358522,
  0.14561840901562625,
  0.1457340716225645,
  0.14584969582958487,
  0.14596528165188036,
  0.1460808291046519,
  0.1461963382031082,
  0.14631180896246618,
  0.1464272413979503,
  0.14654263552479305,
  0.1466579913582345,
  0.14677330891352267,
  0.14688858820591294,
  0.14700382925066863,
  0.14711903206306037,
  0.1472341966583666,
  0.14734932305187304,
  0.147464411258873,
  0.14757946129466706,
  0.1476944731745634,
  0.14780944691387726,
  0.1479243825279314,
  0.14803928003205558,
  0.14815413944158703,
  0.14826896077186988,
  0.14838374403825552,
  0.14849848925610235,
  0.14861319644077584,
  0.1487278656076484,
  0.1488424967720994,
  0.14895708994951515,
  0.14907164515528873,
  0.1491861624048201,
  0.14930064171351592,
  0.14941508309678975,
  0.1495294865700616,
  0.1496438521487583,
  0.14975817984831327,
  0.14987246968416637,
  0.1499867216717642,
  0.15010093582655964,
  0.150215112164012,
  0.15032925069958722,
  0.15044335144875734,
  0.1505574144270009,
  0.15067143964980256,
  0.15078542713265336,
  0.15089937689105043,
  0.15101328894049712,
  0.1511271632965028,
  0.151240999974583,
  0.1513547989902593,
  0.15146856035905917,
  0.15158228409651608,
  0.15169597021816944,
  0.1518096187395645,
  0.1519232296762523,
  0.15203680304378975,
  0.15215033885773946,
  0.15226383713366978,
  0.15237729788715468,
  0.1524907211337738,
  0.15260410688911238,
  0.15271745516876115,
  0.15283076598831644,
  0.15294403936337994,
  0.15305727530955895,
  0.15317047384246593,
  0.1532836349777189,
  0.1533967587309411,
  0.15350984511776106,
  0.15362289415381258,
  0.1537359058547345,
  0.1538488802361712,
  0.15396181731377165,
  0.1540747171031904,
  0.15418757962008667,
  0.15430040488012503,
  0.1544131928989747,
  0.15452594369230999,
  0.15463865727581014,
  0.1547513336651591,
  0.15486397287604586,
  0.1549765749241639,
  0.15508913982521172,
  0.15520166759489226,
  0.1553141582489134,
  0.1554266118029874,
  0.15553902827283134,
  0.1556514076741666,
  0.15576375002271933,
  0.15587605533422003,
  0.15598832362440349,
  0.15610055490900926,
  0.15621274920378098,
  0.15632490652446673,
  0.1564370268868189,
  0.156549110306594,
  0.15666115679955295,
  0.15677316638146072,
  0.15688513906808646,
  0.1569970748752035,
  0.15710897381858915,
  ...])